{
    "w": 1080,
    "h": 1920,
    "fl_x": 1828.4718357816357,
    "fl_y": 1823.8473283974843,
    "cx": 544.2091445922885,
    "cy": 733.1779301372329,
    "k1": 0.006280735641904414,
    "k2": 0.13711505461215082,
    "p1": -0.034650359175168184,
    "p2": -0.0010600570256188002,
    "camera_model": "OPENCV",
    "frames": [
        {
            "file_path": "images/frame_00075.png",
            "transform_matrix": [
                [
                    -0.9759640257752884,
                    -0.13799034421528059,
                    -0.16867983073219026,
                    -0.5634066399373625
                ],
                [
                    -0.1532390200345608,
                    -0.115825870488479,
                    0.9813776900176776,
                    3.516006871282353
                ],
                [
                    -0.1549581334791415,
                    0.9836376531167026,
                    0.09189637772908182,
                    0.12609104141501315
                ],
                [
                    0.0,
                    0.0,
                    0.0,
                    1.0
                ]
            ],
            "colmap_im_id": 75
        },
        {
            "file_path": "images/frame_00074.png",
            "transform_matrix": [
                [
                    -0.9902530994370067,
                    -0.13033391263431618,
                    -0.04911079588880972,
                    -0.1230303329799566
                ],
                [
                    -0.03512012067983555,
                    -0.10755179391571394,
                    0.9935789796231328,
                    3.568166045261109
                ],
                [
                    -0.13477899012396433,
                    0.9856194411855634,
                    0.10192615453465359,
                    0.1642583767152127
                ],
                [
                    0.0,
                    0.0,
                    0.0,
                    1.0
                ]
            ],
            "colmap_im_id": 74
        },
        {
            "file_path": "images/frame_00073.png",
            "transform_matrix": [
                [
                    -0.9917914864347125,
                    -0.12473019180836917,
                    0.02814296869682639,
                    0.16209966990157887
                ],
                [
                    0.04115658005975654,
                    -0.10301824586846889,
                    0.9938276394506085,
                    3.5738469453954815
                ],
                [
                    -0.12106107282445486,
                    0.9868280601349108,
                    0.10730608732481539,
                    0.18485763399388175
                ],
                [
                    0.0,
                    0.0,
                    0.0,
                    1.0
                ]
            ],
            "colmap_im_id": 73
        },
        {
            "file_path": "images/frame_00072.png",
            "transform_matrix": [
                [
                    -0.9891155614863716,
                    -0.120586480082851,
                    0.08431670562069864,
                    0.369487935340269
                ],
                [
                    0.09661709340746603,
                    -0.10008228512406461,
                    0.9902770690396895,
                    3.5638635821519977
                ],
                [
                    -0.11097541748960603,
                    0.9876448941930361,
                    0.1106436608551707,
                    0.19770219711604115
                ],
                [
                    0.0,
                    0.0,
                    0.0,
                    1.0
                ]
            ],
            "colmap_im_id": 72
        },
        {
            "file_path": "images/frame_00071.png",
            "transform_matrix": [
                [
                    -0.9768375485460499,
                    -0.1125751130530036,
                    0.18197595355333826,
                    0.73058752729863
                ],
                [
                    0.1928822391075196,
                    -0.09500038594552285,
                    0.976612189411473,
                    3.5196528200059047
                ],
                [
                    -0.09265444181156629,
                    0.9890913863699882,
                    0.11451368399139865,
                    0.21319382816907617
                ],
                [
                    0.0,
                    0.0,
                    0.0,
                    1.0
                ]
            ],
            "colmap_im_id": 71
        },
        {
            "file_path": "images/frame_00070.png",
            "transform_matrix": [
                [
                    -0.9484455170141016,
                    -0.10237035346060668,
                    0.2999523495293934,
                    1.1674828750376047
                ],
                [
                    0.3091486778881703,
                    -0.09025469292337324,
                    0.9467212817747912,
                    3.416195586530983
                ],
                [
                    -0.06984408504554428,
                    0.9906434278476077,
                    0.11724931831994898,
                    0.22453884448567973
                ],
                [
                    0.0,
                    0.0,
                    0.0,
                    1.0
                ]
            ],
            "colmap_im_id": 70
        },
        {
            "file_path": "images/frame_00069.png",
            "transform_matrix": [
                [
                    -0.9239914140600894,
                    -0.09593626108152592,
                    0.3701838739774234,
                    1.4279065393533243
                ],
                [
                    0.37829586670559473,
                    -0.0876392316572694,
                    0.9215267778572611,
                    3.327751762484145
                ],
                [
                    -0.05596520326683871,
                    0.9915218600132932,
                    0.11727018862047021,
                    0.22552364031780708
                ],
                [
                    0.0,
                    0.0,
                    0.0,
                    1.0
                ]
            ],
            "colmap_im_id": 69
        },
        {
            "file_path": "images/frame_00068.png",
            "transform_matrix": [
                [
                    -0.8845606122910769,
                    -0.08693923981944392,
                    0.45825112303501375,
                    1.75517154447883
                ],
                [
                    0.46490631987024944,
                    -0.08511562129568949,
                    0.8812590111630911,
                    3.1839663150725577
                ],
                [
                    -0.03761165946798136,
                    0.9925708536880709,
                    0.11570852812562529,
                    0.22084135923177545
                ],
                [
                    0.0,
                    0.0,
                    0.0,
                    1.0
                ]
            ],
            "colmap_im_id": 68
        },
        {
            "file_path": "images/frame_00067.png",
            "transform_matrix": [
                [
                    -0.8420137782654967,
                    -0.07905363338327265,
                    0.5336321956741041,
                    2.0360807901295948
                ],
                [
                    0.5390275595186635,
                    -0.08387566414802827,
                    0.8381015231122542,
                    3.0294235899072675
                ],
                [
                    -0.021496215723142496,
                    0.9933354901606155,
                    0.11323655194747778,
                    0.21251094325158296
                ],
                [
                    0.0,
                    0.0,
                    0.0,
                    1.0
                ]
            ],
            "colmap_im_id": 67
        },
        {
            "file_path": "images/frame_00066.png",
            "transform_matrix": [
                [
                    -0.7857624755740718,
                    -0.07002220180893999,
                    0.6145520508740765,
                    2.3373448876357625
                ],
                [
                    0.6185173518048935,
                    -0.08302509080580779,
                    0.7813725870626305,
                    2.824754850208213
                ],
                [
                    -0.003690189150557461,
                    0.9940843654089504,
                    0.10854794771674708,
                    0.19632566427460474
                ],
                [
                    0.0,
                    0.0,
                    0.0,
                    1.0
                ]
            ],
            "colmap_im_id": 66
        },
        {
            "file_path": "images/frame_00065.png",
            "transform_matrix": [
                [
                    -0.772035406533595,
                    -0.06798720585390783,
                    0.6319328056832337,
                    2.402225478319921
                ],
                [
                    0.6355794239610854,
                    -0.08314097665797511,
                    0.7675456819223543,
                    2.7744595921068065
                ],
                [
                    0.0003562243675852687,
                    0.9942159311942935,
                    0.10739904684709049,
                    0.192257857735077
                ],
                [
                    0.0,
                    0.0,
                    0.0,
                    1.0
                ]
            ],
            "colmap_im_id": 65
        },
        {
            "file_path": "images/frame_00064.png",
            "transform_matrix": [
                [
                    -0.6752874635565296,
                    -0.05475696424013336,
                    0.7355192155413705,
                    2.7900851901423747
                ],
                [
                    0.7371300712111934,
                    -0.08393728990010613,
                    0.6705175534468921,
                    2.4233705257406832
                ],
                [
                    0.02502198392552146,
                    0.9949654296664937,
                    0.09704480454409009,
                    0.15576450092229144
                ],
                [
                    0.0,
                    0.0,
                    0.0,
                    1.0
                ]
            ],
            "colmap_im_id": 64
        },
        {
            "file_path": "images/frame_00063.png",
            "transform_matrix": [
                [
                    -0.626583544231936,
                    -0.04891425691401957,
                    0.7778177534411871,
                    2.9489100605559613
                ],
                [
                    0.778536314932277,
                    -0.0849975745127228,
                    0.6218171907069027,
                    2.2463535533128773
                ],
                [
                    0.035696896635644626,
                    0.9951797866704808,
                    0.09133960681479135,
                    0.13537009773964445
                ],
                [
                    0.0,
                    0.0,
                    0.0,
                    1.0
                ]
            ],
            "colmap_im_id": 63
        },
        {
            "file_path": "images/frame_00062.png",
            "transform_matrix": [
                [
                    -0.5292265302465341,
                    -0.0378174772432164,
                    0.8476373741749317,
                    3.2120381751790306
                ],
                [
                    0.8467434151507643,
                    -0.08743364701904972,
                    0.5247675163991846,
                    1.8929136441129149
                ],
                [
                    0.054266643364359816,
                    0.9954522569083396,
                    0.07829390547199927,
                    0.08861676697981793
                ],
                [
                    0.0,
                    0.0,
                    0.0,
                    1.0
                ]
            ],
            "colmap_im_id": 62
        },
        {
            "file_path": "images/frame_00061.png",
            "transform_matrix": [
                [
                    -0.48312344515368316,
                    -0.03305585020709497,
                    0.8749280241882307,
                    3.3152357409897797
                ],
                [
                    0.8733479195360788,
                    -0.0890585598847132,
                    0.4788861914414142,
                    1.7250796291472008
                ],
                [
                    0.06208983962644776,
                    0.9954777163143065,
                    0.07189553627879094,
                    0.06558778020403679
                ],
                [
                    0.0,
                    0.0,
                    0.0,
                    1.0
                ]
            ],
            "colmap_im_id": 61
        },
        {
            "file_path": "images/frame_00060.png",
            "transform_matrix": [
                [
                    -0.4045084877707729,
                    -0.02540253490686444,
                    0.9141813794547052,
                    3.4644761869355687
                ],
                [
                    0.9115298403213058,
                    -0.09215873423881601,
                    0.4007743977692609,
                    1.439239888526555
                ],
                [
                    0.07406911316612917,
                    0.9954202524179447,
                    0.06043415880922257,
                    0.0238300547659565
                ],
                [
                    0.0,
                    0.0,
                    0.0,
                    1.0
                ]
            ],
            "colmap_im_id": 60
        },
        {
            "file_path": "images/frame_00029.png",
            "transform_matrix": [
                [
                    0.7550398096209998,
                    -0.06700036583622776,
                    -0.6522467607165987,
                    -2.242084209502637
                ],
                [
                    -0.6432908362710563,
                    -0.2681518724883316,
                    -0.7171272364446121,
                    -2.7794130255737874
                ],
                [
                    -0.12685340301769277,
                    0.9610439762356419,
                    -0.2455660601223582,
                    -1.1174403780062148
                ],
                [
                    0.0,
                    0.0,
                    0.0,
                    1.0
                ]
            ],
            "colmap_im_id": 29
        },
        {
            "file_path": "images/frame_00028.png",
            "transform_matrix": [
                [
                    0.6690468758202008,
                    -0.07813134151592625,
                    -0.7391020033988207,
                    -2.567612027531394
                ],
                [
                    -0.7283692332722341,
                    -0.2667347576440236,
                    -0.6311345570375636,
                    -2.467087949617477
                ],
                [
                    -0.1478328041323921,
                    0.9605977631337197,
                    -0.23536652158887875,
                    -1.0811883987271456
                ],
                [
                    0.0,
                    0.0,
                    0.0,
                    1.0
                ]
            ],
            "colmap_im_id": 28
        },
        {
            "file_path": "images/frame_00027.png",
            "transform_matrix": [
                [
                    0.6368870328334888,
                    -0.08237810860260353,
                    -0.7665433807891191,
                    -2.670861127991866
                ],
                [
                    -0.755222869476608,
                    -0.26651282159751266,
                    -0.5988399897665909,
                    -2.3497545618746645
                ],
                [
                    -0.15496233357843048,
                    0.9603045158423394,
                    -0.23195239172023469,
                    -1.0690144324664694
                ],
                [
                    0.0,
                    0.0,
                    0.0,
                    1.0
                ]
            ],
            "colmap_im_id": 27
        },
        {
            "file_path": "images/frame_00026.png",
            "transform_matrix": [
                [
                    0.5577892211817297,
                    -0.09152261397416936,
                    -0.824921084628593,
                    -2.8914519720359895
                ],
                [
                    -0.812329846346442,
                    -0.2640956532289585,
                    -0.5199747173472334,
                    -2.0618499473865888
                ],
                [
                    -0.17026862737523066,
                    0.9601443105475891,
                    -0.22165625967892263,
                    -1.0322615184118236
                ],
                [
                    0.0,
                    0.0,
                    0.0,
                    1.0
                ]
            ],
            "colmap_im_id": 26
        },
        {
            "file_path": "images/frame_00025.png",
            "transform_matrix": [
                [
                    0.45705941761657704,
                    -0.1019413672814704,
                    -0.8835749240470667,
                    -3.114564883308771
                ],
                [
                    -0.8694982627114605,
                    -0.260370749055379,
                    -0.4197378279093897,
                    -1.6958872906963347
                ],
                [
                    -0.18726841674384673,
                    0.9601119886102482,
                    -0.2076427446773129,
                    -0.9818264646983678
                ],
                [
                    0.0,
                    0.0,
                    0.0,
                    1.0
                ]
            ],
            "colmap_im_id": 25
        },
        {
            "file_path": "images/frame_00024.png",
            "transform_matrix": [
                [
                    0.40794986549652335,
                    -0.10672352347231735,
                    -0.9067452766786392,
                    -3.203144540789283
                ],
                [
                    -0.892079824197279,
                    -0.25799880776232686,
                    -0.37098544776496223,
                    -1.5169319929031126
                ],
                [
                    -0.19434632618477807,
                    0.9602326305280775,
                    -0.2004564809818036,
                    -0.9556090356525536
                ],
                [
                    0.0,
                    0.0,
                    0.0,
                    1.0
                ]
            ],
            "colmap_im_id": 24
        },
        {
            "file_path": "images/frame_00023.png",
            "transform_matrix": [
                [
                    0.2965194048858371,
                    -0.11701323530832916,
                    -0.9478312852448091,
                    -3.3617037303745594
                ],
                [
                    -0.9318340859738655,
                    -0.2528414791966574,
                    -0.26030063890604765,
                    -1.11172336683422
                ],
                [
                    -0.20919244427894465,
                    0.9604056898833554,
                    -0.18400932611222937,
                    -0.8958785971550937
                ],
                [
                    0.0,
                    0.0,
                    0.0,
                    1.0
                ]
            ],
            "colmap_im_id": 23
        },
        {
            "file_path": "images/frame_00022.png",
            "transform_matrix": [
                [
                    0.21098474932901307,
                    -0.12370669449480266,
                    -0.9696298723161032,
                    -3.447646026394807
                ],
                [
                    -0.9527128272742825,
                    -0.24794810549280066,
                    -0.17567016175086134,
                    -0.8006025441760118
                ],
                [
                    -0.21868631483843776,
                    0.9608425421054693,
                    -0.1701702235489016,
                    -0.8454771716173569
                ],
                [
                    0.0,
                    0.0,
                    0.0,
                    1.0
                ]
            ],
            "colmap_im_id": 22
        },
        {
            "file_path": "images/frame_00021.png",
            "transform_matrix": [
                [
                    0.13683282829469798,
                    -0.12932802882335745,
                    -0.9821155930243336,
                    -3.498417567889152
                ],
                [
                    -0.9645477095548189,
                    -0.24325208996733938,
                    -0.10235300053771786,
                    -0.5304564465342306
                ],
                [
                    -0.22566455878898292,
                    0.9613025963177184,
                    -0.15802792544163638,
                    -0.8009099168778696
                ],
                [
                    0.0,
                    0.0,
                    0.0,
                    1.0
                ]
            ],
            "colmap_im_id": 21
        },
        {
            "file_path": "images/frame_00020.png",
            "transform_matrix": [
                [
                    0.0389326607745657,
                    -0.13575242714600216,
                    -0.989977538355786,
                    -3.53342065508807
                ],
                [
                    -0.9715146675583344,
                    -0.236910393219684,
                    -0.005719816737743671,
                    -0.17473588222124758
                ],
                [
                    -0.2337594888855451,
                    0.9620003867506832,
                    -0.14110902610217624,
                    -0.7391765306341311
                ],
                [
                    0.0,
                    0.0,
                    0.0,
                    1.0
                ]
            ],
            "colmap_im_id": 20
        },
        {
            "file_path": "images/frame_00019.png",
            "transform_matrix": [
                [
                    -0.047899287150116904,
                    -0.14117037416665656,
                    -0.9888258611849492,
                    -3.53449745275059
                ],
                [
                    -0.9696700636506387,
                    -0.23097303506165195,
                    0.0799463866236299,
                    0.14092892811328417
                ],
                [
                    -0.23967817161826954,
                    0.9626642106841072,
                    -0.12582524197341421,
                    -0.6832778125117651
                ],
                [
                    0.0,
                    0.0,
                    0.0,
                    1.0
                ]
            ],
            "colmap_im_id": 19
        },
        {
            "file_path": "images/frame_00018.png",
            "transform_matrix": [
                [
                    -0.08968570563908237,
                    -0.14339475346953393,
                    -0.9855934348814583,
                    -3.5247321085101153
                ],
                [
                    -0.9660996629107554,
                    -0.2280125610549489,
                    0.12108556200013232,
                    0.2926093905174769
                ],
                [
                    -0.2420907175579943,
                    0.963041129276717,
                    -0.11808415555730015,
                    -0.6548676821255223
                ],
                [
                    0.0,
                    0.0,
                    0.0,
                    1.0
                ]
            ],
            "colmap_im_id": 18
        },
        {
            "file_path": "images/frame_00017.png",
            "transform_matrix": [
                [
                    -0.18741417026306262,
                    -0.14843523095171604,
                    -0.9710009840349901,
                    -3.476843031773404
                ],
                [
                    -0.9510874903544011,
                    -0.219715530169893,
                    0.21715817160201462,
                    0.6488314599393256
                ],
                [
                    -0.245577919357533,
                    0.9642054075841278,
                    -0.09999708750534417,
                    -0.5880305128770147
                ],
                [
                    0.0,
                    0.0,
                    0.0,
                    1.0
                ]
            ],
            "colmap_im_id": 17
        },
        {
            "file_path": "images/frame_00016.png",
            "transform_matrix": [
                [
                    -0.26184827406346295,
                    -0.15222178490510263,
                    -0.9530288608275665,
                    -3.4158482451353636
                ],
                [
                    -0.9327958780951934,
                    -0.21346742629274118,
                    0.29038510244254856,
                    0.9199066287759556
                ],
                [
                    -0.24764355670721963,
                    0.9650182309740359,
                    -0.08609577637224908,
                    -0.5370340533423004
                ],
                [
                    0.0,
                    0.0,
                    0.0,
                    1.0
                ]
            ],
            "colmap_im_id": 16
        },
        {
            "file_path": "images/frame_00015.png",
            "transform_matrix": [
                [
                    -0.3858320189773401,
                    -0.15658330584301716,
                    -0.9091838765965558,
                    -3.260619160055527
                ],
                [
                    -0.8885668191036443,
                    -0.20201188057335495,
                    0.4118740196895736,
                    1.3705036535881396
                ],
                [
                    -0.24815854029208878,
                    0.9667848097888634,
                    -0.06119207825863601,
                    -0.44492449679846774
                ],
                [
                    0.0,
                    0.0,
                    0.0,
                    1.0
                ]
            ],
            "colmap_im_id": 15
        },
        {
            "file_path": "images/frame_00014.png",
            "transform_matrix": [
                [
                    -0.4651786476577602,
                    -0.15868556164359593,
                    -0.8708775564275116,
                    -3.1242272051339914
                ],
                [
                    -0.8502564331815728,
                    -0.19365503569722325,
                    0.4894504315887934,
                    1.6594814885315972
                ],
                [
                    -0.2463185409112485,
                    0.9681511347279224,
                    -0.044839232022748844,
                    -0.38444101186223034
                ],
                [
                    0.0,
                    0.0,
                    0.0,
                    1.0
                ]
            ],
            "colmap_im_id": 14
        },
        {
            "file_path": "images/frame_00001.png",
            "transform_matrix": [
                [
                    -0.9918306036010984,
                    -0.12500501848419932,
                    0.02541257787092603,
                    0.1513938371638997
                ],
                [
                    0.03842616026195713,
                    -0.10282166528820011,
                    0.993957310630031,
                    3.574539270796485
                ],
                [
                    -0.12163668841185737,
                    0.9868137871458456,
                    0.10678513721988836,
                    0.1825068604104584
                ],
                [
                    0.0,
                    0.0,
                    0.0,
                    1.0
                ]
            ],
            "colmap_im_id": 1
        },
        {
            "file_path": "images/frame_00002.png",
            "transform_matrix": [
                [
                    -0.9918334407741493,
                    -0.12741440236625215,
                    -0.005656485813882553,
                    0.03639456690530427
                ],
                [
                    0.007774357451874549,
                    -0.10466722760708785,
                    0.994476913171571,
                    3.5741399408215146
                ],
                [
                    -0.12730273024692884,
                    0.9863114830187759,
                    0.1048030216023412,
                    0.1747767868568334
                ],
                [
                    0.0,
                    0.0,
                    0.0,
                    1.0
                ]
            ],
            "colmap_im_id": 2
        },
        {
            "file_path": "images/frame_00003.png",
            "transform_matrix": [
                [
                    -0.979092659372519,
                    -0.13713614621279613,
                    -0.15023728486880622,
                    -0.49610264971372486
                ],
                [
                    -0.13500676560071614,
                    -0.11435982009982545,
                    0.9842230462597228,
                    3.5276102807509533
                ],
                [
                    -0.1521536644477599,
                    0.983928609680925,
                    0.09345455283976445,
                    0.13127495316942564
                ],
                [
                    0.0,
                    0.0,
                    0.0,
                    1.0
                ]
            ],
            "colmap_im_id": 3
        },
        {
            "file_path": "images/frame_00004.png",
            "transform_matrix": [
                [
                    -0.9713564601564262,
                    -0.13952932790283895,
                    -0.19234914600111772,
                    -0.6508239032351147
                ],
                [
                    -0.17668078970670903,
                    -0.11722054396310894,
                    0.9772631388841015,
                    3.499445171413124
                ],
                [
                    -0.15890414047780796,
                    0.9832552622427071,
                    0.08921078080049627,
                    0.11518558130257547
                ],
                [
                    0.0,
                    0.0,
                    0.0,
                    1.0
                ]
            ],
            "colmap_im_id": 4
        },
        {
            "file_path": "images/frame_00005.png",
            "transform_matrix": [
                [
                    -0.949726768901559,
                    -0.144511369631995,
                    -0.2777328365153986,
                    -0.9644518477210973
                ],
                [
                    -0.261104788461139,
                    -0.12388725990419455,
                    0.9573276535628198,
                    3.4208489711175303
                ],
                [
                    -0.1727522905042595,
                    0.9817170727253934,
                    0.07992643645888689,
                    0.08013343221429403
                ],
                [
                    0.0,
                    0.0,
                    0.0,
                    1.0
                ]
            ],
            "colmap_im_id": 5
        },
        {
            "file_path": "images/frame_00006.png",
            "transform_matrix": [
                [
                    -0.9165375705913226,
                    -0.14907895441909041,
                    -0.37112578331862955,
                    -1.3065062936698004
                ],
                [
                    -0.353558840324377,
                    -0.13176902756767322,
                    0.9260848070249025,
                    3.2998048208224957
                ],
                [
                    -0.18696263830786444,
                    0.9800063207567492,
                    0.068063082164872,
                    0.035638165513063806
                ],
                [
                    0.0,
                    0.0,
                    0.0,
                    1.0
                ]
            ],
            "colmap_im_id": 6
        },
        {
            "file_path": "images/frame_00007.png",
            "transform_matrix": [
                [
                    -0.8855617419284677,
                    -0.15189510560645503,
                    -0.4389855101542894,
                    -1.5549115510345022
                ],
                [
                    -0.42083149985675145,
                    -0.13778173175750363,
                    0.8966142108634126,
                    3.187324873247754
                ],
                [
                    -0.1966754940528556,
                    0.978746173063633,
                    0.05809198526783167,
                    -0.0015817165910012511
                ],
                [
                    0.0,
                    0.0,
                    0.0,
                    1.0
                ]
            ],
            "colmap_im_id": 7
        },
        {
            "file_path": "images/frame_00008.png",
            "transform_matrix": [
                [
                    -0.8430762159041585,
                    -0.15504155920110954,
                    -0.5149607840381769,
                    -1.8329177709682174
                ],
                [
                    -0.49613811346723163,
                    -0.14528479317866622,
                    0.856001928290006,
                    3.0328070161726806
                ],
                [
                    -0.20753184464534924,
                    0.9771665384117085,
                    0.045564126970431586,
                    -0.04838729538472457
                ],
                [
                    0.0,
                    0.0,
                    0.0,
                    1.0
                ]
            ],
            "colmap_im_id": 8
        },
        {
            "file_path": "images/frame_00009.png",
            "transform_matrix": [
                [
                    -0.7944427178925205,
                    -0.1572450069738696,
                    -0.5866300160828223,
                    -2.09448933671826
                ],
                [
                    -0.5672465751189996,
                    -0.15301499704970337,
                    0.8092080904771306,
                    2.8555860260792
                ],
                [
                    -0.21700712201056863,
                    0.9756333422242534,
                    0.03236495847399166,
                    -0.097800751663717
                ],
                [
                    0.0,
                    0.0,
                    0.0,
                    1.0
                ]
            ],
            "colmap_im_id": 9
        },
        {
            "file_path": "images/frame_00010.png",
            "transform_matrix": [
                [
                    -0.7316649783898759,
                    -0.15914228544311,
                    -0.662827347339928,
                    -2.371873034532779
                ],
                [
                    -0.6429805572284653,
                    -0.16178238787163016,
                    0.7486003352929554,
                    2.62739419000512
                ],
                [
                    -0.22636775924127137,
                    0.973909745283667,
                    0.016045111953136498,
                    -0.1584505018901215
                ],
                [
                    0.0,
                    0.0,
                    0.0,
                    1.0
                ]
            ],
            "colmap_im_id": 10
        },
        {
            "file_path": "images/frame_00011.png",
            "transform_matrix": [
                [
                    -0.6532971251303664,
                    -0.1601012374673387,
                    -0.7399800403104293,
                    -2.6517088484908578
                ],
                [
                    -0.719654315909608,
                    -0.17226518232207733,
                    0.6726234998513023,
                    2.3425906335850355
                ],
                [
                    -0.2351606512345801,
                    0.971952828444348,
                    -0.0026771981547677893,
                    -0.22807574801757013
                ],
                [
                    0.0,
                    0.0,
                    0.0,
                    1.0
                ]
            ],
            "colmap_im_id": 11
        },
        {
            "file_path": "images/frame_00012.png",
            "transform_matrix": [
                [
                    -0.5775090333497122,
                    -0.16001190541317878,
                    -0.8005495028575841,
                    -2.870916906752169
                ],
                [
                    -0.7799540966927566,
                    -0.18152130530443297,
                    0.5989337382154734,
                    2.067175845674187
                ],
                [
                    -0.24115331938761944,
                    0.9702815085564697,
                    -0.01997174758788157,
                    -0.2922876809234762
                ],
                [
                    0.0,
                    0.0,
                    0.0,
                    1.0
                ]
            ],
            "colmap_im_id": 12
        },
        {
            "file_path": "images/frame_00013.png",
            "transform_matrix": [
                [
                    -0.5317854058548344,
                    -0.15958150808088117,
                    -0.8317078960779681,
                    -2.98357999251054
                ],
                [
                    -0.8110515106736305,
                    -0.18666367253884736,
                    0.5543934707302489,
                    1.9013217382617982
                ],
                [
                    -0.24372059649079858,
                    0.9693763023887791,
                    -0.030163806345150018,
                    -0.33008077155986515
                ],
                [
